3.042180999999999883e-15
2.670208999999999841e-15
2.313343999999999908e-15
1.974476999999999839e-15
1.656092999999999910e-15
1.360315000000000096e-15
1.088952999999999928e-15
8.435574000000000193e-16
6.254824000000000207e-16
4.359550999999999830e-16
2.761489999999999933e-16
1.472647999999999993e-16
5.061761000000000225e-17
4.561761000000000112e-17
3.061760999999999774e-17
2.561760999999999969e-17
2.228598999999999862e-17
1.177448999999999966e-16
2.617719000000000145e-16
4.597771999999999604e-16
7.184208000000000006e-16
1.045856999999999947e-15
1.452016000000000006e-15
1.948940000000000071e-15
2.551167999999999964e-15
3.276194999999999981e-15
4.142646000000000302e-15
5.162539999999999673e-15
6.346390000000000165e-15
7.704852000000000189e-15
9.248230999999999822e-15
1.098597000000000051e-14
1.292609000000000017e-14
1.507460999999999904e-14
1.743496000000000119e-14
2.000732999999999925e-14
2.278807999999999853e-14
2.576905000000000090e-14
2.893748000000000020e-14
3.228558999999999930e-14
3.581239999999999793e-14
3.951483999999999978e-14
4.338718000000000148e-14
4.742078999999999801e-14
5.160390000000000062e-14
5.592141000000000163e-14
6.035454000000000588e-14
6.488055999999999734e-14
6.947250999999999576e-14
7.409882000000000525e-14
7.872304999999999796e-14
8.330411000000000066e-14
8.779950000000000368e-14
9.216708999999999386e-14
9.636582000000000519e-14
1.003565999999999947e-13
1.041027999999999939e-13
1.075712000000000011e-13
1.107321999999999939e-13
1.135601999999999996e-13
1.160342000000000126e-13
1.181371999999999886e-13
1.198572999999999875e-13
1.211865999999999928e-13
1.221214999999999962e-13
1.226625000000000087e-13
1.228136999999999990e-13
1.225824999999999979e-13
1.219788999999999974e-13
1.210152000000000042e-13
1.197053999999999970e-13
1.180645000000000014e-13
1.161077000000000072e-13
1.138503999999999932e-13
1.113064999999999938e-13
1.084885000000000052e-13
1.054182000000000026e-13
1.021619999999999968e-13
9.879372000000000033e-14
9.538403999999999814e-14
9.200097999999999952e-14
8.871072000000000431e-14
8.557815000000000477e-14
8.266742999999999837e-14
8.004226000000000229e-14
7.776622000000000485e-14
7.590288999999999435e-14
7.451589000000000238e-14
7.366885999999999383e-14
7.342530999999999483e-14
7.384830999999999717e-14
7.500018999999999962e-14
7.694202999999999885e-14
7.973310000000000182e-14
8.343021000000000403e-14
8.808690999999999468e-14
9.375264999999999432e-14
1.004718000000000041e-13
1.082827000000000001e-13
1.172163999999999962e-13
1.272956999999999894e-13
1.384912000000000097e-13
1.505973999999999981e-13
1.633682000000000106e-13
1.765618999999999931e-13
1.899426999999999900e-13
2.032822000000000009e-13
2.163608000000000064e-13
2.289685999999999822e-13
2.409065999999999865e-13
2.519875999999999975e-13
2.620371000000000043e-13
2.708938999999999995e-13
2.784105000000000081e-13
2.844538999999999942e-13
2.889056000000000125e-13
2.916621999999999989e-13
2.926348999999999873e-13
2.917504000000000227e-13
2.889501000000000029e-13
2.841904000000000024e-13
2.774422999999999920e-13
2.686910000000000110e-13
2.579360999999999797e-13
2.451905000000000244e-13
2.304804999999999790e-13
2.139420999999999957e-13
1.960922000000000083e-13
1.774998999999999937e-13
1.586832999999999980e-13
1.401096999999999992e-13
1.221969000000000021e-13
1.053143999999999980e-13
8.978736999999999549e-14
7.589937999999999521e-14
6.389725000000000069e-14
5.399577999999999956e-14
4.638328000000000297e-14
4.122750000000000028e-14
3.868203999999999776e-14
3.889318999999999884e-14
4.200718999999999698e-14
4.817794999999999945e-14
5.757521999999999527e-14
7.039333999999999538e-14
8.686056999999999376e-14
1.072492000000000026e-13
1.318863999999999983e-13
1.611662999999999935e-13
1.955629999999999918e-13
2.356457000000000023e-13
2.819604000000000210e-13
3.346197000000000206e-13
3.936581999999999816e-13
4.591439999999999871e-13
5.311624999999999594e-13
6.098011999999999725e-13
6.951351000000000033e-13
7.872131999999999641e-13
8.860452000000000018e-13
9.915883999999999029e-13
1.103736000000000014e-12
1.222305999999999982e-12
1.347027000000000052e-12
1.477533999999999952e-12
1.613352999999999901e-12
1.753896999999999913e-12
1.898454000000000142e-12
2.046187000000000074e-12
2.196127000000000140e-12
2.347169999999999984e-12
2.498077999999999849e-12
2.647481999999999886e-12
2.793931000000000164e-12
2.936960000000000039e-12
3.077230999999999977e-12
3.215558999999999910e-12
3.352870999999999800e-12
3.490199000000000040e-12
3.628674000000000013e-12
3.769530000000000398e-12
3.914093000000000051e-12
4.063784000000000166e-12
4.220108000000000338e-12
4.384655999999999730e-12
4.559099000000000060e-12
4.745183000000000300e-12
4.944724000000000247e-12
5.159606999999999948e-12
5.391777999999999929e-12
5.643241000000000268e-12
5.916052000000000367e-12
6.212320000000000332e-12
6.534193000000000166e-12
6.883863999999999999e-12
7.263556000000000317e-12
7.675146000000000585e-12
8.118977999999999860e-12
8.594967000000000771e-12
9.102979999999999245e-12
9.642836999999999617e-12
1.021432000000000044e-11
1.081716999999999923e-11
1.145109999999999995e-11
1.211579999999999973e-11
1.281094000000000034e-11
1.353614999999999983e-11
1.429107000000000042e-11
1.507533000000000015e-11
1.588854999999999938e-11
1.673032999999999986e-11
1.760030000000000125e-11
1.849808000000000068e-11
1.942331999999999968e-11
2.037563999999999859e-11
2.135472000000000011e-11
2.236024000000000045e-11
2.339190000000000093e-11
2.444943000000000076e-11
2.553258000000000105e-11
2.664114000000000012e-11
2.777493000000000068e-11
2.893380000000000016e-11
3.011764000000000292e-11
3.132637000000000155e-11
3.255994999999999880e-11
3.381839999999999977e-11
3.510177000000000099e-11
3.641013999999999696e-11
3.774367000000000249e-11
3.910252999999999939e-11
4.048695999999999695e-11
4.189724000000000172e-11
4.333366999999999947e-11
4.479580000000000184e-11
4.628234000000000088e-11
4.779185999999999827e-11
4.932284000000000191e-11
5.087360999999999773e-11
5.244240999999999727e-11
5.402737999999999955e-11
5.562651000000000104e-11
5.723767000000000000e-11
5.885865000000000023e-11
6.048705999999999854e-11
6.212043999999999657e-11
6.375616999999999409e-11
6.539152999999999773e-11
6.702367000000000374e-11
6.864962999999999654e-11
7.026632999999999469e-11
7.187058000000000495e-11
7.345907999999999641e-11
7.502842000000000394e-11
7.657509999999999751e-11
7.809550999999999991e-11
7.958596999999999354e-11
8.104270000000000646e-11
8.246185000000000047e-11
8.383951999999999898e-11
8.517171999999999930e-11
8.645442999999999435e-11
8.768359000000000564e-11
8.885510000000000576e-11
8.996486000000000608e-11
9.100875000000000639e-11
9.198265999999999936e-11
9.288248999999999634e-11
9.370418999999999879e-11
9.444375000000000538e-11
9.509723000000000352e-11
9.566203999999999736e-11
9.614099000000000634e-11
9.653831000000000368e-11
9.685841000000000188e-11
9.710582999999999801e-11
9.728522999999999380e-11
9.740136000000000413e-11
9.745904999999999961e-11
9.746318999999999842e-11
9.741873000000000166e-11
9.733063999999999612e-11
9.720393000000000463e-11
9.704360999999999830e-11
9.685468999999999995e-11
9.664220999999999802e-11
9.641114000000000514e-11
9.616647999999999960e-11
9.591319000000000119e-11
9.565618999999999370e-11
9.540041000000000547e-11
9.515070999999999856e-11
9.491194999999999969e-11
9.468896999999999815e-11
9.448656000000000609e-11
9.430950999999999686e-11
9.416141000000000075e-11
9.404103000000000566e-11
9.394598000000000194e-11
9.387387000000000579e-11
9.382233000000000620e-11
9.378899999999999790e-11
9.377154000000000011e-11
9.376760000000000043e-11
9.377484000000000516e-11
9.379091999999999472e-11
9.381350999999999412e-11
9.384028000000000250e-11
9.386890000000000607e-11
9.389702999999999820e-11
9.392234000000000387e-11
9.394249000000000354e-11
9.395514999999999634e-11
9.395798000000000149e-11
9.394865000000000520e-11
9.392482000000000085e-11
9.388414999999999472e-11
9.382432999999999751e-11
9.374302999999999542e-11
9.363793000000000630e-11
9.350672000000000205e-11
9.334758999999999766e-11
9.316060000000000191e-11
9.294633000000000064e-11
9.270531999999999539e-11
9.243816000000000363e-11
9.214542999999999827e-11
9.182769999999999817e-11
9.148557999999999356e-11
9.111964999999999615e-11
9.073051999999999617e-11
9.031879999999999679e-11
8.988508999999999540e-11
8.943001000000000094e-11
8.895417000000000364e-11
8.845820999999999815e-11
8.794274000000000055e-11
8.740838999999999970e-11
8.685578000000000455e-11
8.628556000000000256e-11
8.569835000000000268e-11
8.509478999999999955e-11
8.447550999999999494e-11
8.384114999999999642e-11
8.319234000000000577e-11
8.252972999999999755e-11
8.185393999999999362e-11
8.116561000000000154e-11
8.046538000000000302e-11
7.975389000000000561e-11
7.903174999999999956e-11
7.829960999999999820e-11
7.755808999999999754e-11
7.680781999999999937e-11
7.604941999999999969e-11
7.528350999999999452e-11
7.451071000000000573e-11
7.373164000000000348e-11
7.294691000000000385e-11
7.215710999999999848e-11
7.136287000000000205e-11
7.056477000000000044e-11
6.976341000000000394e-11
6.895938000000000418e-11
6.815327000000000571e-11
6.734565000000000153e-11
6.653710000000000332e-11
6.572819000000000409e-11
6.491948000000000400e-11
6.411151999999999741e-11
6.330488000000000319e-11
6.250007999999999838e-11
6.169767999999999606e-11
6.089819999999999915e-11
6.010217000000000340e-11
5.931010000000000594e-11
5.852250000000000393e-11
5.773982999999999793e-11
5.696253000000000285e-11
5.619102000000000264e-11
5.542571000000000133e-11
5.466698999999999787e-11
5.391521999999999975e-11
5.317078000000000015e-11
5.243400000000000215e-11
5.170520000000000308e-11
5.098470999999999955e-11
5.027280999999999811e-11
4.956978999999999814e-11
4.887592999999999973e-11
4.819147999999999854e-11
4.751667999999999741e-11
4.685175999999999988e-11
4.619695000000000300e-11
4.555244999999999943e-11
4.491846000000000124e-11
4.429516000000000247e-11
4.368272999999999718e-11
4.308133999999999947e-11
4.249113999999999902e-11
4.191228999999999770e-11
4.134491000000000018e-11
4.078915000000000255e-11
4.024513000000000302e-11
3.971296999999999976e-11
3.919277999999999812e-11
3.868465999999999765e-11
3.818871999999999724e-11
3.770507000000000223e-11
3.723378000000000132e-11
3.677495000000000053e-11
3.632867000000000014e-11
3.589503000000000038e-11
3.547410000000000290e-11
3.506597000000000149e-11
3.467071999999999709e-11
3.428844000000000288e-11
3.391921000000000042e-11
3.356309999999999782e-11
3.322022000000000039e-11
3.289063999999999686e-11
3.257446999999999903e-11
3.227178000000000206e-11
3.198269999999999700e-11
3.170731999999999701e-11
3.144576000000000030e-11
3.119813999999999857e-11
3.096456999999999717e-11
3.074520999999999800e-11
3.054017999999999922e-11
3.034966000000000136e-11
3.017364999999999795e-11
3.001169000000000134e-11
2.986313999999999749e-11
2.972741000000000126e-11
2.960392000000000095e-11
2.949209999999999709e-11
2.939136999999999737e-11
2.930119000000000028e-11
2.922100999999999849e-11
2.915027999999999764e-11
2.908846999999999874e-11
2.903504000000000024e-11
2.898946999999999926e-11
2.895122000000000071e-11
2.891976999999999845e-11
2.889458000000000066e-11
2.887514000000000049e-11
2.886090000000000034e-11
2.885133000000000122e-11
2.884589000000000160e-11
2.884403999999999995e-11
2.884524000000000119e-11
2.884892999999999873e-11
2.885454999999999886e-11
2.886155000000000075e-11
2.886933999999999985e-11
2.887734999999999993e-11
2.888499999999999900e-11
2.889168999999999965e-11
2.889682000000000126e-11
2.889978999999999999e-11
2.889998999999999912e-11
2.889678000000000079e-11
2.888952999999999999e-11
2.887762000000000070e-11
2.886051000000000139e-11
2.883810999999999858e-11
2.881045999999999920e-11
2.877760999999999980e-11
2.873960000000000085e-11
2.869649000000000145e-11
2.864834000000000069e-11
2.859522000000000021e-11
2.853719999999999840e-11
2.847435999999999945e-11
2.840679999999999968e-11
2.833460000000000005e-11
2.825787999999999874e-11
2.817673999999999854e-11
2.809130000000000088e-11
2.800167000000000139e-11
2.790800999999999874e-11
2.781043000000000149e-11
2.770908999999999861e-11
2.760413999999999914e-11
2.749572999999999920e-11
2.738403999999999930e-11
2.726924000000000064e-11
2.715150000000000118e-11
2.703102000000000007e-11
2.690796999999999848e-11
2.678257000000000066e-11
2.665501999999999924e-11
2.652551999999999985e-11
2.639428000000000090e-11
2.626152999999999947e-11
2.612749999999999909e-11
2.599240000000000141e-11
2.585646999999999958e-11
2.571994999999999968e-11
2.558305000000000013e-11
2.544587999999999981e-11
2.530851999999999968e-11
2.517105000000000067e-11
2.503355000000000050e-11
2.489609000000000080e-11
2.475873000000000067e-11
2.462153999999999850e-11
2.448458999999999917e-11
2.434791999999999992e-11
2.421159999999999914e-11
2.407567999999999986e-11
2.394020999999999862e-11
2.380522999999999913e-11
2.367077999999999862e-11
2.353691999999999943e-11
2.340366000000000087e-11
2.327105999999999879e-11
2.313912999999999897e-11
2.300792000000000118e-11
2.287744000000000152e-11
2.274772000000000114e-11
2.261879000000000121e-11
2.249067000000000033e-11
2.236335999999999853e-11
2.223689000000000018e-11
2.211128000000000067e-11
2.198652000000000071e-11
2.186264000000000144e-11
2.173963999999999965e-11
2.161751999999999855e-11
2.149630000000000000e-11
2.137597000000000146e-11
2.125652999999999970e-11
2.113798000000000118e-11
2.102031999999999943e-11
2.090355000000000093e-11
2.078766999999999921e-11
2.067265999999999887e-11
2.055852999999999924e-11
2.044524999999999914e-11
2.033283000000000112e-11
2.022125000000000009e-11
2.011050999999999930e-11
2.000058000000000079e-11
1.989147000000000067e-11
1.978313999999999844e-11
1.967559999999999989e-11
1.956882000000000062e-11
1.946279000000000132e-11
1.935749000000000015e-11
1.925291000000000101e-11
1.914902999999999883e-11
1.904583000000000145e-11
1.894329999999999987e-11
1.884140999999999938e-11
1.874015000000000068e-11
1.863949999999999868e-11
1.853944000000000122e-11
1.843995999999999931e-11
1.834101999999999893e-11
1.824262000000000007e-11
1.814473000000000159e-11
1.804734000000000093e-11
1.795041000000000086e-11
1.785395000000000068e-11
1.775791999999999993e-11
1.766229999999999998e-11
1.756709000000000083e-11
1.747223999999999947e-11
1.737775999999999844e-11
1.728361000000000051e-11
1.718977999999999989e-11
1.709626000000000050e-11
1.700300999999999865e-11
1.691002000000000149e-11
1.681728000000000001e-11
1.672475999999999951e-11
1.663245000000000068e-11
1.654032999999999845e-11
1.644837000000000133e-11
1.635656999999999964e-11
1.626489999999999868e-11
1.617334999999999914e-11
1.608189999999999916e-11
1.599052000000000081e-11
1.589922000000000018e-11
1.580795000000000071e-11
1.571671999999999849e-11
1.562549999999999880e-11
1.553426999999999980e-11
1.544303000000000150e-11
1.535174000000000018e-11
1.526039999999999907e-11
1.516898999999999957e-11
1.507748000000000050e-11
1.498586999999999863e-11
1.489413999999999857e-11
1.480226999999999848e-11
1.471023999999999973e-11
1.461803000000000047e-11
1.452567000000000024e-11
1.443316000000000067e-11
1.434052000000000037e-11
1.424776000000000027e-11
1.415490000000000060e-11
1.406193999999999976e-11
1.396889999999999958e-11
1.387580000000000031e-11
1.378264000000000033e-11
1.368943999999999988e-11
1.359620999999999988e-11
1.350295999999999965e-11
1.340970000000000010e-11
1.331644000000000056e-11
1.322321000000000056e-11
1.312998999999999987e-11
1.303682000000000059e-11
1.294369000000000015e-11
1.285060999999999950e-11
1.275760999999999980e-11
1.266468000000000011e-11
1.257184999999999999e-11
1.247909999999999920e-11
1.238646999999999983e-11
1.229394999999999933e-11
1.220155999999999956e-11
1.210930000000000051e-11
1.201718999999999920e-11
1.192523000000000047e-11
1.183343999999999971e-11
1.174180999999999922e-11
1.165037000000000017e-11
1.155911000000000001e-11
1.146805000000000060e-11
1.137719999999999963e-11
1.128656000000000033e-11
1.119614999999999971e-11
1.110596000000000007e-11
1.101601999999999934e-11
1.092631999999999983e-11
1.083688000000000017e-11
1.074770999999999965e-11
1.065880999999999990e-11
1.057017999999999929e-11
1.048185000000000062e-11
1.039382000000000064e-11
1.030608000000000005e-11
1.021866999999999931e-11
1.013156999999999981e-11
1.004480000000000017e-11
9.958371000000000280e-12
9.872286000000000248e-12
9.786552999999999850e-12
9.701182000000000011e-12
9.616179999999999926e-12
9.531554999999999365e-12
9.447316000000000293e-12
9.363468999999999711e-12
9.280024000000000161e-12
9.196988999999999799e-12
9.114370999999999433e-12
9.032178000000000452e-12
8.950420000000000549e-12
8.869102999999999958e-12
8.788236999999999603e-12
8.707829000000000296e-12
8.627887000000000191e-12
8.548421000000000214e-12
8.469437999999999560e-12
8.390945999999999615e-12
8.312954999999999691e-12
8.235472000000000595e-12
8.158507000000000024e-12
8.082067000000000402e-12
8.006161000000000463e-12
7.930798000000000555e-12
7.855986000000000449e-12
7.781734000000000494e-12
7.708050999999999424e-12
7.634945999999999202e-12
7.562428000000000176e-12
7.490505000000000504e-12
7.419186000000000533e-12
7.348480000000000612e-12
7.278397000000000051e-12
7.208946000000000007e-12
7.140135000000000251e-12
7.071974000000000094e-12
7.004471999999999883e-12
6.937638999999999737e-12
6.871483000000000236e-12
6.806013999999999882e-12
6.741241999999999600e-12
6.677174999999999970e-12
6.613824999999999841e-12
6.551199000000000023e-12
6.489308000000000403e-12
6.428160999999999715e-12
6.367769000000000268e-12
6.308137000000000104e-12
6.249262999999999683e-12
6.191139000000000041e-12
6.133759000000000138e-12
6.077115999999999972e-12
6.021204999999999888e-12
5.966018000000000116e-12
5.911548999999999613e-12
5.857791999999999765e-12
5.804739999999999760e-12
5.752387999999999944e-12
5.700729000000000316e-12
5.649756999999999834e-12
5.599465999999999882e-12
5.549850000000000227e-12
5.500902999999999830e-12
5.452618000000000304e-12
5.404991000000000147e-12
5.358015000000000167e-12
5.311684999999999899e-12
5.265994000000000149e-12
5.220936999999999648e-12
5.176507999999999777e-12
5.132702000000000075e-12
5.089513000000000308e-12
5.046935000000000244e-12
5.004963000000000229e-12
4.963591000000000029e-12
4.922814999999999759e-12
4.882626999999999648e-12
4.843024000000000387e-12
4.804000000000000129e-12
4.765549000000000256e-12
4.727667000000000074e-12
4.690347000000000391e-12
4.653584999999999704e-12
4.617375999999999974e-12
4.581714999999999930e-12
4.546596000000000148e-12
4.512014000000000165e-12
4.477965000000000095e-12
4.444442999999999705e-12
4.411443000000000149e-12
4.378960999999999924e-12
4.346992000000000184e-12
4.315529999999999889e-12
4.284570999999999960e-12
4.254109999999999934e-12
4.224142000000000157e-12
4.194663999999999705e-12
4.165667999999999613e-12
4.137152000000000343e-12
4.109110999999999817e-12
4.081539000000000225e-12
4.054432999999999835e-12
4.027787000000000031e-12
4.001597999999999889e-12
3.975859999999999984e-12
3.950568999999999623e-12
3.925720999999999727e-12
3.901310999999999834e-12
3.877335000000000058e-12
3.853787999999999936e-12
3.830666000000000391e-12
3.807964999999999920e-12
3.785679999999999678e-12
3.763806999999999777e-12
3.742340999999999755e-12
3.721279000000000304e-12
3.700616999999999922e-12
3.680348999999999992e-12
3.660472000000000399e-12
3.640981999999999641e-12
3.621874000000000083e-12
3.603144999999999991e-12
3.584790000000000117e-12
3.566803999999999995e-12
3.549185000000000088e-12
3.531927999999999932e-12
3.515029000000000047e-12
3.498484000000000141e-12
3.482288999999999926e-12
3.466439000000000150e-12
3.450932000000000062e-12
3.435763000000000009e-12
3.420928000000000103e-12
3.406423000000000055e-12
3.392243999999999980e-12
3.378388000000000165e-12
3.364850000000000147e-12
3.351626999999999810e-12
3.338715000000000077e-12
3.326109999999999850e-12
3.313808000000000050e-12
3.301806000000000158e-12
3.290099000000000115e-12
3.278683999999999805e-12
3.267557999999999919e-12
3.256715999999999994e-12
3.246154000000000145e-12
3.235870000000000024e-12
3.225858999999999977e-12
3.216117999999999888e-12
3.206642999999999870e-12
3.197430000000000038e-12
3.188475999999999873e-12
3.179776999999999891e-12
3.171328999999999805e-12
3.163130000000000074e-12
3.155174000000000062e-12
3.147458999999999827e-12
3.139982000000000060e-12
3.132737999999999894e-12
3.125724000000000021e-12
3.118936999999999920e-12
3.112371999999999938e-12
3.106027000000000130e-12
3.099897999999999803e-12
3.093982000000000054e-12
3.088274000000000014e-12
3.082772000000000145e-12
3.077472000000000157e-12
3.072370000000000165e-12
3.067463999999999823e-12
3.062748999999999878e-12
3.058221999999999810e-12
3.053881000000000081e-12
3.049720000000000055e-12
3.045737999999999961e-12
3.041930000000000146e-12
3.038293999999999857e-12
3.034824999999999844e-12
3.031521000000000165e-12
3.028378000000000124e-12
3.025393000000000011e-12
3.022561999999999940e-12
3.019882000000000198e-12
3.017349999999999861e-12
3.014961999999999851e-12
3.012715000000000053e-12
3.010605999999999945e-12
3.008631999999999816e-12
3.006789000000000185e-12
3.005072999999999952e-12
3.003481999999999985e-12
3.002013000000000165e-12
3.000661000000000031e-12
2.999424000000000044e-12
2.998299000000000087e-12
2.997281999999999870e-12
2.996370000000000085e-12
2.995559000000000040e-12
2.994847999999999963e-12
2.994231000000000028e-12
2.993705999999999886e-12
2.993270999999999999e-12
2.992920999999999905e-12
2.992652999999999890e-12
2.992465000000000013e-12
2.992351999999999809e-12
2.992312999999999914e-12
2.992342999999999864e-12
2.992440000000000121e-12
2.992598999999999818e-12
2.992818999999999993e-12
2.993095999999999952e-12
2.993426999999999984e-12
2.993808999999999971e-12
2.994238000000000029e-12
2.994711000000000042e-12
2.995226000000000065e-12
2.995778999999999811e-12
2.996366000000000200e-12
2.996985999999999848e-12
2.997633999999999907e-12
2.998308000000000031e-12
2.999005000000000104e-12
2.999720999999999836e-12
3.000454000000000091e-12
3.001199000000000004e-12
3.001954999999999804e-12
3.002718000000000009e-12
3.003485000000000101e-12
3.004254000000000135e-12
3.005020000000000054e-12
3.005780000000000143e-12
3.006532999999999827e-12
3.007275000000000027e-12
3.008002000000000050e-12
3.008711999999999953e-12
3.009402000000000024e-12
3.010067999999999973e-12
3.010707999999999857e-12
3.011318999999999964e-12
3.011898000000000178e-12
3.012440999999999806e-12
3.012946000000000115e-12
3.013409000000000009e-12
3.013827999999999949e-12
3.014199999999999819e-12
3.014521999999999905e-12
3.014791000000000093e-12
3.015003999999999862e-12
3.015157000000000134e-12
3.015248999999999929e-12
3.015274999999999993e-12
3.015234000000000155e-12
3.015122000000000125e-12
3.014936000000000190e-12
3.014674000000000004e-12
3.014332999999999854e-12
3.013908999999999855e-12
3.013398999999999891e-12
3.012802000000000191e-12
3.012114000000000064e-12
3.011332000000000199e-12
3.010453000000000077e-12
3.009475000000000159e-12
3.008394999999999926e-12
3.007208999999999894e-12
3.005915999999999891e-12
3.004510999999999859e-12
3.002993000000000026e-12
3.001358999999999874e-12
2.999606000000000093e-12
2.997731000000000164e-12
2.995730999999999971e-12
2.993603999999999974e-12
2.991345999999999884e-12
2.988955999999999931e-12
2.986429999999999827e-12
2.983766000000000031e-12
2.980961000000000025e-12
2.978012999999999864e-12
2.974918000000000067e-12
2.971673999999999884e-12
2.968278000000000007e-12
2.964728000000000088e-12
2.961021000000000011e-12
2.957154000000000063e-12
2.953126000000000073e-12
2.948931999999999980e-12
2.944572000000000188e-12
2.940045000000000121e-12
2.935353000000000124e-12
2.930498000000000142e-12
2.925480999999999942e-12
2.920305000000000045e-12
2.914970000000000049e-12
2.909479000000000067e-12
2.903832999999999871e-12
2.898033000000000037e-12
2.892081999999999874e-12
2.885980999999999959e-12
2.879731999999999831e-12
2.873336000000000067e-12
2.866795999999999975e-12
2.860111999999999961e-12
2.853285999999999965e-12
2.846321000000000105e-12
2.839216999999999977e-12
2.831975999999999928e-12
2.824599999999999899e-12
2.817090999999999835e-12
2.809449999999999908e-12
2.801679000000000062e-12
2.793779999999999835e-12
2.785753999999999804e-12
2.777602000000000144e-12
2.769327000000000161e-12
2.760930000000000030e-12
2.752413000000000098e-12
2.743775999999999960e-12
2.735022999999999907e-12
2.726153999999999937e-12
2.717172000000000168e-12
2.708077000000000195e-12
2.698870999999999961e-12
2.689555999999999814e-12
2.680134000000000099e-12
2.670606000000000182e-12
2.660972999999999833e-12
2.651237999999999976e-12
2.641401999999999977e-12
2.631466000000000008e-12
2.621432000000000012e-12
2.611301000000000164e-12
2.601076000000000175e-12
2.590757000000000045e-12
2.580346999999999890e-12
2.569846000000000115e-12
2.559255999999999854e-12
2.548580000000000032e-12
2.537817999999999840e-12
2.526970999999999856e-12
2.516042000000000196e-12
2.505031999999999822e-12
2.493942999999999888e-12
2.482774999999999990e-12
2.471530999999999842e-12
2.460210999999999845e-12
2.448818000000000118e-12
2.437353000000000025e-12
2.425817999999999913e-12
2.414213000000000186e-12
2.402541000000000153e-12
2.390801999999999813e-12
2.378999000000000090e-12
2.367132000000000177e-12
2.355204000000000190e-12
2.343215000000000129e-12
2.331166999999999936e-12
2.319061000000000189e-12
2.306900000000000197e-12
2.294683000000000190e-12
2.282412999999999879e-12
2.270092000000000017e-12
2.257720000000000199e-12
2.245298000000000193e-12
2.232829000000000118e-12
2.220312999999999972e-12
2.207752999999999872e-12
2.195148999999999818e-12
2.182501999999999983e-12
2.169815000000000080e-12
2.157088000000000108e-12
2.144321999999999837e-12
2.131520000000000191e-12
2.118681999999999958e-12
2.105809999999999890e-12
2.092903999999999985e-12
2.079966999999999956e-12
2.066999999999999977e-12
2.054003000000000048e-12
2.040978999999999880e-12
2.027927999999999879e-12
2.014851999999999986e-12
2.001751999999999971e-12
1.988629000000000008e-12
1.975483999999999865e-12
1.962318999999999890e-12
1.949134999999999853e-12
1.935934000000000099e-12
1.922715000000000052e-12
1.909482000000000002e-12
1.896234000000000178e-12
1.882973000000000119e-12
1.869700000000000000e-12
1.856417000000000167e-12
1.843123999999999811e-12
1.829823000000000088e-12
1.816514999999999960e-12
1.803201000000000002e-12
1.789881999999999986e-12
1.776560000000000056e-12
1.763235000000000009e-12
1.749908999999999991e-12
1.736582000000000001e-12
1.723255999999999983e-12
1.709933000000000081e-12
1.696611999999999920e-12
1.683295000000000049e-12
1.669984000000000006e-12
1.656678999999999993e-12
1.643381999999999954e-12
1.630093000000000090e-12
1.616813999999999940e-12
1.603544999999999909e-12
1.590287999999999938e-12
1.577043000000000028e-12
1.563811999999999920e-12
1.550595999999999990e-12
1.537396000000000006e-12
1.524212999999999939e-12
1.511046999999999993e-12
1.497899999999999908e-12
1.484773000000000059e-12
1.471667000000000014e-12
1.458582999999999945e-12
1.445521000000000056e-12
1.432483000000000087e-12
1.419470000000000009e-12
1.406482000000000024e-12
1.393521000000000076e-12
1.380587999999999933e-12
1.367683000000000000e-12
1.354807000000000045e-12
1.341962000000000013e-12
1.329147999999999902e-12
1.316366000000000088e-12
1.303617999999999909e-12
1.290902999999999998e-12
1.278223000000000096e-12
1.265578999999999973e-12
1.252971000000000034e-12
1.240401000000000017e-12
1.227870000000000098e-12
1.215378000000000075e-12
1.202925999999999917e-12
1.190515000000000002e-12
1.178144999999999924e-12
1.165819000000000003e-12
1.153536000000000064e-12
1.141297000000000079e-12
1.129103999999999992e-12
1.116957000000000003e-12
1.104855999999999912e-12
1.092804000000000036e-12
1.080799000000000028e-12
1.068844000000000004e-12
1.056938999999999966e-12
1.045085000000000085e-12
1.033282999999999930e-12
1.021532999999999904e-12
1.009836999999999951e-12
9.981943000000000697e-13
9.866066000000000301e-13
9.750744999999999767e-13
9.635987999999999673e-13
9.521800999999999445e-13
9.408194000000000816e-13
9.295172999999999171e-13
9.182745000000000572e-13
9.070919000000000115e-13
8.959701999999999822e-13
8.849100999999999696e-13
8.739122999999999738e-13
8.629777000000000095e-13
8.521067999999999614e-13
8.413005000000000461e-13
8.305594999999999609e-13
8.198843999999999512e-13
8.092761000000000316e-13
7.987352000000000437e-13
7.882623999999999876e-13
7.778585000000000222e-13
7.675240999999999890e-13
7.572600000000000469e-13
7.470668000000000374e-13
7.369453999999999751e-13
7.268961999999999900e-13
7.169201999999999525e-13
7.070177999999999926e-13
6.971899999999999807e-13
6.874372000000000468e-13
6.777603000000000034e-13
6.681598999999999952e-13
6.586367000000000222e-13
6.491913999999999837e-13
6.398246999999999808e-13
6.305371999999999560e-13
6.213296999999999672e-13
6.122027999999999569e-13
6.031570999999999685e-13
5.941935000000000167e-13
5.853124999999999861e-13
5.765149000000000358e-13
5.678013000000000072e-13
5.591723000000000447e-13
5.506287999999999610e-13
5.421713000000000447e-13
5.338005999999999499e-13
5.255173000000000230e-13
5.173220999999999611e-13
5.092156000000000098e-13
5.011986999999999816e-13
4.932718000000000066e-13
4.854358999999999551e-13
4.776913999999999571e-13
4.700392000000000274e-13
4.624797999999999495e-13
4.550139999999999835e-13
4.476425999999999853e-13
4.403660999999999910e-13
4.331852000000000008e-13
4.261007999999999790e-13
4.191134000000000123e-13
4.122238000000000070e-13
4.054326000000000066e-13
3.987406999999999753e-13
3.921487000000000070e-13
3.856571999999999937e-13
3.792672000000000078e-13
3.729791999999999845e-13
3.667939000000000250e-13
3.607111000000000138e-13
3.547299999999999940e-13
3.488497000000000014e-13
3.430693000000000213e-13
3.373879999999999958e-13
3.318049000000000112e-13
3.263192000000000097e-13
3.209299999999999765e-13
3.156365000000000051e-13
3.104378999999999873e-13
3.053334000000000165e-13
3.003220999999999770e-13
2.954033000000000202e-13
2.905761999999999872e-13
2.858399000000000148e-13
2.811938000000000089e-13
2.766368999999999983e-13
2.721686999999999972e-13
2.677880999999999765e-13
2.634947000000000081e-13
2.592874000000000125e-13
2.551657000000000039e-13
2.511287999999999750e-13
2.471759999999999759e-13
2.433063999999999921e-13
2.395193999999999800e-13
2.358142999999999901e-13
2.321904000000000221e-13
2.286468000000000108e-13
2.251829999999999958e-13
2.217983000000000022e-13
2.184917999999999899e-13
2.152629999999999987e-13
2.121112000000000030e-13
2.090355999999999954e-13
2.060356000000000081e-13
2.031104999999999906e-13
2.002595999999999932e-13
1.974822999999999975e-13
1.947779000000000035e-13
1.921457000000000110e-13
1.895851000000000017e-13
1.870954000000000007e-13
1.846759999999999898e-13
1.823261999999999941e-13
1.800453999999999954e-13
1.778330000000000007e-13
1.756882000000000026e-13
1.736104999999999901e-13
1.715992999999999956e-13
1.696538000000000116e-13
1.677735000000000020e-13
1.659577999999999989e-13
1.642060000000000023e-13
1.625174000000000119e-13
1.608915999999999988e-13
1.593278999999999880e-13
1.578256000000000046e-13
1.563841000000000051e-13
1.550029000000000039e-13
1.536814000000000079e-13
1.524188000000000099e-13
1.512147000000000059e-13
1.500683999999999960e-13
1.489793000000000122e-13
1.479468000000000113e-13
1.469704000000000075e-13
1.460494000000000007e-13
1.451831999999999978e-13
1.443712000000000059e-13
1.436128999999999888e-13
1.429077000000000041e-13
1.422549000000000010e-13
1.416539999999999940e-13
1.411043999999999899e-13
1.406054999999999960e-13
1.401566999999999939e-13
1.397573999999999907e-13
1.394071000000000008e-13
1.391050999999999986e-13
1.388508999999999986e-13
1.386439000000000076e-13
1.384835000000000076e-13
1.383691000000000056e-13
1.383001000000000086e-13
1.382760999999999877e-13
1.382962000000000040e-13
1.383601000000000104e-13
1.384671000000000068e-13
1.386166000000000003e-13
1.388081000000000051e-13
1.390408999999999957e-13
1.393145000000000119e-13
1.396283999999999920e-13
1.399818000000000044e-13
1.403741999999999877e-13
1.408051000000000065e-13
1.412738999999999924e-13
1.417798999999999955e-13
1.423226000000000049e-13
1.429015000000000096e-13
1.435158000000000023e-13
1.441651000000000043e-13
1.448486999999999904e-13
1.455661000000000001e-13
1.463166000000000079e-13
1.470997000000000028e-13
1.479147999999999919e-13
1.487613000000000075e-13
1.496386000000000062e-13
1.505460999999999950e-13
1.514830999999999990e-13
1.524491999999999892e-13
1.534436999999999907e-13
1.544660000000000105e-13
1.555156000000000124e-13
1.565916999999999890e-13
1.576938000000000051e-13
1.588213999999999992e-13
1.599736999999999891e-13
1.611501999999999892e-13
1.623503999999999885e-13
1.635733999999999975e-13
1.648188999999999946e-13
1.660860999999999975e-13
1.673743999999999881e-13
1.686831999999999986e-13
1.700119999999999929e-13
1.713599999999999888e-13
1.727265999999999933e-13
1.741114000000000027e-13
1.755135000000000023e-13
1.769324000000000065e-13
1.783673999999999898e-13
1.798179999999999917e-13
1.812835000000000121e-13
1.827633000000000074e-13
1.842567000000000029e-13
1.857629999999999982e-13
1.872817999999999896e-13
1.888121999999999879e-13
1.903537000000000071e-13
1.919055999999999967e-13
1.934672999999999889e-13
1.950381999999999908e-13
1.966174999999999950e-13
1.982046000000000085e-13
1.997989999999999951e-13
2.013997999999999907e-13
2.030065000000000095e-13
2.046184000000000008e-13
2.062347999999999898e-13
2.078551000000000086e-13
2.094786000000000067e-13
2.111046000000000091e-13
2.127324999999999975e-13
2.143615999999999971e-13
2.159912000000000076e-13
2.176206000000000037e-13
2.192491999999999924e-13
2.208762999999999986e-13
2.225011999999999971e-13
2.241231999999999875e-13
2.257415999999999951e-13
2.273556999999999942e-13
2.289649000000000173e-13
2.305683999999999811e-13
2.321655999999999937e-13
2.337556999999999972e-13
2.353380999999999986e-13
2.369120999999999978e-13
2.384768999999999873e-13
2.400318000000000173e-13
2.415761999999999941e-13
2.431093000000000110e-13
2.446304000000000175e-13
2.461388000000000134e-13
2.476337999999999985e-13
2.491147000000000230e-13
2.505806999999999786e-13
2.520311000000000165e-13
2.534652999999999923e-13
2.548823999999999924e-13
2.562817000000000166e-13
2.576626000000000213e-13
2.590242999999999992e-13
2.603659999999999934e-13
2.616870000000000036e-13
2.629865999999999792e-13
2.642641000000000210e-13
2.655186000000000133e-13
2.667495000000000136e-13
2.679561000000000218e-13
2.691375000000000232e-13
2.702930000000000177e-13
2.714219000000000049e-13
2.725234999999999848e-13
2.735968999999999931e-13
2.746421999999999866e-13
2.756594000000000159e-13
2.766486999999999943e-13
2.776101999999999797e-13
2.785440999999999864e-13
2.794504000000000146e-13
2.803294999999999921e-13
2.811813000000000128e-13
2.820059999999999901e-13
2.828038999999999962e-13
2.835749999999999806e-13
2.843195000000000084e-13
2.850374999999999858e-13
2.857291999999999777e-13
2.863947999999999986e-13
2.870344000000000053e-13
2.876481000000000050e-13
2.882361000000000122e-13
2.887985999999999908e-13
2.893355999999999915e-13
2.898474999999999925e-13
2.903341999999999868e-13
2.907961000000000033e-13
2.912331999999999914e-13
2.916457000000000161e-13
2.920336999999999838e-13
2.923975000000000170e-13
2.927371000000000149e-13
2.930527999999999991e-13
2.933446999999999769e-13
2.936130000000000132e-13
2.938577000000000071e-13
2.940791999999999875e-13
2.942775000000000050e-13
2.944528999999999802e-13
2.946054000000000141e-13
2.947353999999999843e-13
2.948427999999999844e-13
2.949278999999999857e-13
2.949909000000000027e-13
2.950318999999999921e-13
2.950511000000000190e-13
2.950486999999999967e-13
2.950248999999999903e-13
2.949796999999999997e-13
2.949135000000000035e-13
2.948263000000000016e-13
2.947183000000000085e-13
2.945896999999999882e-13
2.944408000000000130e-13
2.942715999999999817e-13
2.940823000000000100e-13
2.938732000000000185e-13
2.936443000000000072e-13
2.933958999999999979e-13
2.931282000000000050e-13
2.928412999999999853e-13
2.925354000000000037e-13
2.922107000000000243e-13
2.918673000000000038e-13
2.915055000000000144e-13
2.911255000000000200e-13
2.907273999999999775e-13
2.903112999999999951e-13
2.898776000000000007e-13
2.894262999999999943e-13
2.889575999999999905e-13
2.884718000000000108e-13
2.879690000000000122e-13
2.874495000000000163e-13
2.869133000000000231e-13
2.863607000000000038e-13
2.857919000000000234e-13
2.852069999999999882e-13
2.846063000000000209e-13
2.839898999999999772e-13
2.833580999999999798e-13
2.827109999999999855e-13
2.820488000000000088e-13
2.813716000000000064e-13
2.806798000000000073e-13
2.799735000000000187e-13
2.792527999999999973e-13
2.785180000000000154e-13
2.777692999999999865e-13
2.770068999999999755e-13
2.762308999999999898e-13
2.754414999999999931e-13
2.746390000000000074e-13
2.738234999999999893e-13
2.729953000000000111e-13
2.721544999999999790e-13
2.713013000000000084e-13
2.704359000000000129e-13
2.695586000000000142e-13
2.686695000000000196e-13
2.677689000000000002e-13
2.668568000000000065e-13
2.659336000000000171e-13
2.649993999999999886e-13
2.640544999999999933e-13
2.630988999999999807e-13
2.621329999999999797e-13
2.611568999999999976e-13
2.601709000000000057e-13
2.591751000000000111e-13
2.581696999999999778e-13
2.571549999999999781e-13
2.561311000000000192e-13
2.550982000000000146e-13
2.540566999999999932e-13
2.530064999999999984e-13
2.519481000000000157e-13
2.508814999999999948e-13
2.498070000000000078e-13
2.487247000000000115e-13
2.476349999999999843e-13
2.465379999999999841e-13
2.454338000000000179e-13
2.443228000000000139e-13
2.432050999999999792e-13
2.420808999999999788e-13
2.409504999999999839e-13
2.398140000000000018e-13
2.386715999999999965e-13
2.375235999999999897e-13
2.363701999999999958e-13
2.352115999999999789e-13
2.340480000000000040e-13
2.328795999999999844e-13
2.317065999999999853e-13
2.305292000000000210e-13
2.293477000000000124e-13
2.281622000000000171e-13
2.269730000000000064e-13
2.257802999999999947e-13
2.245842999999999965e-13
2.233852000000000012e-13
2.221831999999999978e-13
2.209785000000000009e-13
2.197714000000000070e-13
2.185619999999999981e-13
2.173507000000000030e-13
2.161374999999999966e-13
2.149227000000000006e-13
2.137065000000000043e-13
2.124892000000000040e-13
2.112709999999999890e-13
2.100519999999999919e-13
2.088325000000000091e-13
2.076127000000000045e-13
2.063927999999999927e-13
2.051729999999999882e-13
2.039536999999999946e-13
2.027348000000000047e-13
2.015168000000000042e-13
2.002998000000000004e-13
1.990840000000000078e-13
1.978696999999999975e-13
1.966570000000000020e-13
1.954461999999999927e-13
1.942375999999999912e-13
1.930311999999999974e-13
1.918273999999999900e-13
1.906263000000000013e-13
1.894283000000000098e-13
1.882333999999999904e-13
1.870418999999999898e-13
1.858541000000000047e-13
1.846701999999999990e-13
1.834903000000000052e-13
1.823148000000000018e-13
1.811437999999999960e-13
1.799775000000000023e-13
1.788161999999999919e-13
1.776601000000000045e-13
1.765094000000000042e-13
1.753644000000000126e-13
1.742252000000000117e-13
1.730920999999999981e-13
1.719652000000000042e-13
1.708449999999999905e-13
1.697314000000000001e-13
1.686248999999999937e-13
1.675254999999999964e-13
1.664336000000000119e-13
1.653492999999999970e-13
1.642728999999999987e-13
1.632044999999999989e-13
1.621445000000000014e-13
1.610929999999999882e-13
1.600503000000000062e-13
1.590165999999999941e-13
1.579920999999999918e-13
1.569769999999999884e-13
1.559716000000000056e-13
1.549760000000000002e-13
1.539906000000000012e-13
1.530151999999999941e-13
1.520499999999999933e-13
1.510947000000000024e-13
1.501494000000000034e-13
1.492140999999999963e-13
1.482886999999999990e-13
1.473731000000000044e-13
1.464673999999999944e-13
1.455715000000000124e-13
1.446854000000000077e-13
1.438088999999999912e-13
1.429422000000000026e-13
1.420849999999999949e-13
1.412375000000000078e-13
1.403996000000000089e-13
1.395711000000000090e-13
1.387521999999999972e-13
1.379427000000000096e-13
1.371424999999999884e-13
1.363517999999999987e-13
1.355702999999999934e-13
1.347982000000000122e-13
1.340352999999999903e-13
1.332816000000000033e-13
1.325369999999999935e-13
1.318015999999999935e-13
1.310751999999999886e-13
1.303579000000000114e-13
1.296494999999999970e-13
1.289501000000000030e-13
1.282597000000000043e-13
1.275780000000000043e-13
1.269052999999999995e-13
1.262412999999999934e-13
1.255860000000000113e-13
1.249395000000000100e-13
1.243016000000000002e-13
1.236723000000000071e-13
1.230516000000000055e-13
1.224393999999999882e-13
1.218357000000000056e-13
1.212405000000000073e-13
1.206537000000000112e-13
1.200752000000000102e-13
1.195050000000000042e-13
1.189432000000000005e-13
1.183895000000000026e-13
1.178439999999999924e-13
1.173066999999999953e-13
1.167775000000000040e-13
1.162563000000000112e-13
1.157430999999999918e-13
1.152380000000000033e-13
1.147406999999999990e-13
1.142513000000000112e-13
1.137697999999999895e-13
1.132959999999999951e-13
1.128299999999999973e-13
1.123717000000000017e-13
1.119210000000000009e-13
1.114780000000000022e-13
1.110425000000000037e-13
1.106146000000000000e-13
1.101941000000000020e-13
1.097811000000000041e-13
1.093754000000000047e-13
1.089770999999999982e-13
1.085861000000000027e-13
1.082024000000000055e-13
1.078258000000000049e-13
1.074563999999999954e-13
1.070942000000000022e-13
1.067389999999999984e-13
1.063907999999999964e-13
1.060495999999999963e-13
1.057153000000000034e-13
1.053879999999999999e-13
1.050674000000000017e-13
1.047536999999999982e-13
1.044467000000000001e-13
1.041463999999999948e-13
1.038527999999999950e-13
1.035658000000000059e-13
1.032852999999999951e-13
1.030113999999999951e-13
1.027439000000000041e-13
1.024829000000000040e-13
1.022282000000000056e-13
1.019799000000000035e-13
1.017379000000000031e-13
1.015020000000000026e-13
1.012724000000000038e-13
1.010489000000000048e-13
1.008315000000000056e-13
1.006202000000000063e-13
1.004148000000000050e-13
1.002155000000000035e-13
1.000220000000000054e-13
9.983435999999999982e-14
9.965253999999999403e-14
9.947649999999999522e-14
9.930616000000000516e-14
9.914150000000000220e-14
9.898244999999999896e-14
9.882898000000000082e-14
9.868104000000000418e-14
9.853856999999999459e-14
9.840153000000000450e-14
9.826987000000000504e-14
9.814354000000000521e-14
9.802249999999999960e-14
9.790669999999999720e-14
9.779608999999999441e-14
9.769061000000000201e-14
9.759023000000000017e-14
9.749489999999999789e-14
9.740456000000000597e-14
9.731915999999999555e-14
9.723866999999999727e-14
9.716301999999999850e-14
9.709218000000000463e-14
9.702609000000000122e-14
9.696470999999999548e-14
9.690797999999999820e-14
9.685586000000000398e-14
9.680829999999999655e-14
9.676524999999999756e-14
9.672666000000000338e-14
9.669247999999999776e-14
9.666266000000000234e-14
9.663715999999999906e-14
9.661591999999999874e-14
9.659889999999999595e-14
9.658604999999999970e-14
9.657731999999999374e-14
9.657265000000000149e-14
9.657200000000000492e-14
9.657532999999999861e-14
9.658256999999999515e-14
9.659368999999999995e-14
9.660862999999999858e-14
9.662734999999999822e-14
9.664978999999999706e-14
9.667590000000000411e-14
9.670564000000000131e-14
9.673894999999999948e-14
9.677579000000000581e-14
9.681611000000000407e-14
9.685986000000000325e-14
9.690698000000000154e-14
9.695743000000000614e-14
9.701116000000000080e-14
9.706810999999999633e-14
9.712824999999999813e-14
9.719151000000000619e-14
9.725786000000000065e-14
9.732722999999999412e-14
9.739959000000000463e-14
9.747486999999999429e-14
9.755302999999999554e-14
9.763403000000000297e-14
9.771780000000000394e-14
9.780431000000000384e-14
9.789349000000000266e-14
9.798529999999999497e-14
9.807970000000000061e-14
9.817661999999999430e-14
9.827602999999999408e-14
9.837786999999999811e-14
9.848208000000000459e-14
9.858863000000000630e-14
9.869745000000000320e-14
9.880850000000000251e-14
9.892173999999999880e-14
9.903710000000000469e-14
9.915454000000000211e-14
9.927401000000000009e-14
9.939544999999999679e-14
9.951882999999999763e-14
9.964408000000000257e-14
9.977116000000000621e-14
9.990000999999999409e-14
1.000305999999999969e-13
1.001628000000000001e-13
1.002967000000000001e-13
1.004322000000000024e-13
1.005691999999999997e-13
1.007075999999999974e-13
1.008475000000000027e-13
1.009887000000000011e-13
1.011312999999999999e-13
1.012752000000000045e-13
1.014202000000000004e-13
1.015665000000000020e-13
1.017138000000000002e-13
1.018622000000000024e-13
1.020116999999999959e-13
1.021621000000000040e-13
1.023134000000000015e-13
1.024656000000000011e-13
1.026185999999999955e-13
1.027723999999999974e-13
1.029268999999999994e-13
1.030819999999999943e-13
1.032378000000000021e-13
1.033940999999999956e-13
1.035509000000000001e-13
1.037082000000000028e-13
1.038658999999999967e-13
1.040238999999999997e-13
1.041822999999999937e-13
1.043409000000000022e-13
1.044997000000000000e-13
1.046586999999999996e-13
1.048177999999999939e-13
1.049769000000000007e-13
1.051359999999999950e-13
1.052951000000000019e-13
1.054541000000000015e-13
1.056128999999999992e-13
1.057714999999999952e-13
1.059297999999999946e-13
1.060879000000000048e-13
1.062455999999999987e-13
1.064029000000000014e-13
1.065597000000000059e-13
1.067159999999999994e-13
1.068716999999999999e-13
1.070269000000000021e-13
1.071812999999999969e-13
1.073350999999999987e-13
1.074881000000000057e-13
1.076401999999999981e-13
1.077914999999999956e-13
1.079419000000000038e-13
1.080911999999999954e-13
1.082395999999999975e-13
1.083868999999999958e-13
1.085329999999999956e-13
1.086780000000000040e-13
1.088218000000000014e-13
1.089641999999999983e-13
1.091053000000000021e-13
1.092451000000000002e-13
1.093834000000000032e-13
1.095201999999999987e-13
1.096554999999999991e-13
1.097891000000000027e-13
1.099211000000000041e-13
1.100515000000000032e-13
1.101800000000000036e-13
1.103067999999999945e-13
1.104316999999999994e-13
1.105548000000000001e-13
1.106758000000000003e-13
1.107949000000000018e-13
1.109119000000000027e-13
1.110266999999999958e-13
1.111394000000000010e-13
1.112498999999999983e-13
1.113582000000000005e-13
1.114641000000000057e-13
1.115676000000000011e-13
1.116686999999999996e-13
1.117672999999999937e-13
1.118633999999999962e-13
1.119568999999999998e-13
1.120478000000000045e-13
1.121360000000000030e-13
1.122214999999999954e-13
1.123041000000000051e-13
1.123839000000000014e-13
1.124608999999999969e-13
1.125347999999999952e-13
1.126057999999999982e-13
1.126737000000000039e-13
1.127384999999999997e-13
1.128001999999999983e-13
1.128585999999999978e-13
1.129139000000000001e-13
1.129659999999999980e-13
1.130149999999999986e-13
1.130607999999999947e-13
1.131035000000000062e-13
1.131430999999999953e-13
1.131795999999999997e-13
1.132131000000000015e-13
1.132435000000000061e-13
1.132708999999999955e-13
1.132952000000000002e-13
1.133165999999999970e-13
1.133348999999999965e-13
1.133503000000000007e-13
1.133627999999999968e-13
1.133723000000000030e-13
1.133789000000000012e-13
1.133826000000000040e-13
1.133833999999999988e-13
1.133812999999999982e-13
1.133763999999999969e-13
1.133686999999999948e-13
1.133580999999999974e-13
1.133446999999999992e-13
1.133285000000000002e-13
1.133095999999999951e-13
1.132879000000000019e-13
1.132635000000000025e-13
1.132363000000000024e-13
1.132065000000000034e-13
1.131739000000000036e-13
1.131387000000000049e-13
1.131008999999999947e-13
1.130604000000000036e-13
1.130171999999999938e-13
1.129715000000000049e-13
1.129232000000000045e-13
1.128723000000000051e-13
1.128187999999999943e-13
1.127628000000000045e-13
1.127042999999999977e-13
1.126432999999999993e-13
1.125797999999999965e-13
1.125138000000000022e-13
1.124453999999999982e-13
1.123745000000000025e-13
1.123011999999999971e-13
1.122254999999999947e-13
1.121473999999999953e-13
1.120668999999999988e-13
1.119840999999999999e-13
1.118989000000000040e-13
1.118115000000000002e-13
1.117216999999999994e-13
1.116295999999999962e-13
1.115352000000000032e-13
1.114386000000000024e-13
1.113397999999999938e-13
1.112386999999999953e-13
1.111354000000000017e-13
1.110299000000000003e-13
1.109222999999999983e-13
1.108125000000000011e-13
1.107006000000000034e-13
1.105864999999999979e-13
1.104703000000000044e-13
1.103521000000000049e-13
1.102318000000000049e-13
1.101094000000000044e-13
1.099849999999999979e-13
1.098585000000000034e-13
1.097300999999999976e-13
1.095996999999999985e-13
1.094673000000000060e-13
1.093328999999999950e-13
1.091965999999999979e-13
1.090584000000000021e-13
1.089182999999999949e-13
1.087763000000000017e-13
1.086325000000000044e-13
1.084867999999999957e-13
1.083392000000000010e-13
1.081898999999999967e-13
1.080386999999999938e-13
1.078857999999999940e-13
1.077309999999999955e-13
1.075745999999999948e-13
1.074164000000000026e-13
1.072565000000000009e-13
1.070949000000000024e-13
1.069315999999999944e-13
1.067666999999999968e-13
1.066001000000000023e-13
1.064317999999999984e-13
1.062619999999999995e-13
1.060905999999999983e-13
1.059175999999999949e-13
1.057430000000000019e-13
1.055669000000000013e-13
1.053893000000000056e-13
1.052102000000000024e-13
1.050294999999999969e-13
1.048474000000000037e-13
1.046638999999999974e-13
1.044788999999999962e-13
1.042924999999999946e-13
1.041047000000000052e-13
1.039155000000000029e-13
1.037249000000000001e-13
1.035330000000000042e-13
1.033396999999999954e-13
1.031451000000000060e-13
1.029493000000000054e-13
1.027521000000000045e-13
1.025537000000000051e-13
1.023539999999999999e-13
1.021530999999999962e-13
1.019509999999999939e-13
1.017477000000000058e-13
1.015433000000000011e-13
1.013376000000000033e-13
1.011308999999999962e-13
1.009230000000000032e-13
1.007139999999999937e-13
1.005039000000000056e-13
1.002927999999999955e-13
1.000804999999999995e-13
9.986730999999999969e-14
9.965306000000000139e-14
9.943779999999999560e-14
9.922157000000000037e-14
9.900438000000000127e-14
9.878622999999999830e-14
9.856716999999999510e-14
9.834719000000000606e-14
9.812632000000000056e-14
9.790458000000000024e-14
9.768198000000000329e-14
9.745855000000000431e-14
9.723429000000000330e-14
9.700924000000000569e-14
9.678339999999999885e-14
9.655679000000000442e-14
9.632944000000000439e-14
9.610134999999999874e-14
9.587256000000000553e-14
9.564306999999999951e-14
9.541291000000000052e-14
9.518208999999999414e-14
9.495063000000000201e-14
9.471854999999999528e-14
9.448586999999999561e-14
9.425260999999999939e-14
9.401876999999999400e-14
9.378438999999999748e-14
9.354947999999999540e-14
9.331405999999999679e-14
9.307813999999999985e-14
9.284174999999999918e-14
9.260490000000000560e-14
9.236762000000000108e-14
9.212990999999999825e-14
9.189181000000000253e-14
9.165331000000000309e-14
9.141446000000000355e-14
9.117526000000000393e-14
9.093572000000000241e-14
9.069588000000000441e-14
9.045574999999999552e-14
9.021534999999999737e-14
8.997468999999999554e-14
8.973378999999999906e-14
8.949268000000000253e-14
8.925137000000000414e-14
8.900988000000000028e-14
8.876823000000000000e-14
8.852643000000000147e-14
8.828450999999999931e-14
8.804249000000000253e-14
8.780036999999999850e-14
8.755819000000000529e-14
8.731595999999999583e-14
8.707370000000000439e-14
8.683142000000000393e-14
8.658915000000000167e-14
8.634690999999999401e-14
8.610470000000000619e-14
8.586257000000000397e-14
8.562051000000000177e-14
8.537854999999999419e-14
8.513671000000000286e-14
8.489500999999999896e-14
8.465346000000000591e-14
8.441209000000000570e-14
8.417091999999999472e-14
8.392994999999999822e-14
8.368921999999999638e-14
8.344874000000000001e-14
8.320853000000000552e-14
8.296860999999999668e-14
8.272898999999999694e-14
8.248970000000000090e-14
8.225076000000000495e-14
8.201217999999999467e-14
8.177398000000000433e-14
8.153619000000000328e-14
8.129882000000000234e-14
8.106187999999999972e-14
8.082541000000000083e-14
8.058942000000000387e-14
8.035391999999999442e-14
8.011894000000000495e-14
7.988449999999999399e-14
7.965060999999999759e-14
7.941728999999999955e-14
7.918456999999999446e-14
7.895246000000000576e-14
7.872098000000000461e-14
7.849015000000000003e-14
7.825999000000000104e-14
7.803052000000000404e-14
7.780176000000000543e-14
7.757372000000000340e-14
7.734643000000000519e-14
7.711990999999999455e-14
7.689416999999999495e-14
7.666924000000000098e-14
7.644512999999999821e-14
7.622185999999999567e-14
7.599946000000000058e-14
7.577793000000000031e-14
7.555731000000000028e-14
7.533760999999999871e-14
7.511883999999999377e-14
7.490104000000000353e-14
7.468421000000000272e-14
7.446837999999999858e-14
7.425357000000000013e-14
7.403979000000000555e-14
7.382706999999999684e-14
7.361541999999999744e-14
7.340486000000000374e-14
7.319541999999999771e-14
7.298712000000000101e-14
7.277996000000000102e-14
7.257398000000000314e-14
7.236919000000000558e-14
7.216559999999999393e-14
7.196324999999999883e-14
7.176215000000000588e-14
7.156231999999999885e-14
7.136377000000000117e-14
7.116652999999999483e-14
7.097062000000000148e-14
7.077606000000000488e-14
7.058286000000000324e-14
7.039105000000000378e-14
7.020064000000000469e-14
7.001166000000000058e-14
6.982412000000000227e-14
6.963805000000000436e-14
6.945346000000000504e-14
6.927037000000000072e-14
6.908880000000000041e-14
6.890877000000000052e-14
6.873030999999999565e-14
6.855342999999999661e-14
6.837814000000000160e-14
6.820448000000000343e-14
6.803245000000000209e-14
6.786209000000000301e-14
6.769340000000000618e-14
6.752641000000000620e-14
6.736113000000000127e-14
6.719758999999999862e-14
6.703580999999999464e-14
6.687580999999999835e-14
6.671759999999999533e-14
6.656118999999999641e-14
6.640657000000000337e-14
6.625375000000000181e-14
6.610270999999999531e-14
6.595344999999999651e-14
6.580594999999999638e-14
6.566023000000000395e-14
6.551625999999999936e-14
6.537403999999999525e-14
6.523357000000000423e-14
6.509484000000000286e-14
6.495785000000000376e-14
6.482257999999999792e-14
6.468902999999999795e-14
6.455720000000000385e-14
6.442708000000000481e-14
6.429866000000000261e-14
6.417192999999999907e-14
6.404690000000000501e-14
6.392354999999999877e-14
6.380186999999999479e-14
6.368187000000000388e-14
6.356353000000000441e-14
6.344684999999999637e-14
6.333181999999999418e-14
6.321842999999999965e-14
6.310668999999999835e-14
6.299656999999999569e-14
6.288808000000000248e-14
6.278120999999999528e-14
6.267595000000000114e-14
6.257229999999999481e-14
6.247025000000000334e-14
6.236979000000000328e-14
6.227091999999999463e-14
6.217363000000000445e-14
6.207790999999999665e-14
6.198375999999999649e-14
6.189117000000000577e-14
6.180013999999999924e-14
6.171065000000000575e-14
6.162270000000000005e-14
6.153628999999999476e-14
6.145140000000000612e-14
6.136802999999999625e-14
6.128618000000000301e-14
6.120584000000000297e-14
6.112699999999999793e-14
6.104965000000000230e-14
6.097379000000000347e-14
6.089941000000000324e-14
6.082650000000000340e-14
6.075507000000000216e-14
6.068509000000000491e-14
6.061656999999999725e-14
6.054948999999999537e-14
6.048385999999999750e-14
6.041965999999999460e-14
6.035688000000000111e-14
6.029553000000000258e-14
6.023559000000000264e-14
6.017706000000000127e-14
6.011993000000000028e-14
6.006419000000000147e-14
6.000984000000000484e-14
5.995686999999999956e-14
5.990527000000000006e-14
5.985503999999999372e-14
5.980615999999999676e-14
5.975863999999999476e-14
5.971247000000000214e-14
5.966763999999999545e-14
5.962413000000000355e-14
5.958194999999999938e-14
5.954109999999999557e-14
5.950154999999999752e-14
5.946330000000000523e-14
5.942636000000000428e-14
5.939070999999999827e-14
5.935634000000000161e-14
5.932324000000000350e-14
5.929142000000000213e-14
5.926086000000000110e-14
5.923156000000000040e-14
5.920350000000000365e-14
5.917668999999999642e-14
5.915112000000000575e-14
5.912676999999999737e-14
5.910364999999999474e-14
5.908174000000000145e-14
5.906104000000000488e-14
5.904153999999999421e-14
5.902322999999999648e-14
5.900610999999999908e-14
5.899017000000000379e-14
5.897540999999999801e-14
5.896180999999999794e-14
5.894937000000000360e-14
5.893808000000000416e-14
5.892793999999999962e-14
5.891893000000000621e-14
5.891105999999999687e-14
5.890431000000000046e-14
5.889868000000000435e-14
5.889415999999999772e-14
5.889073999999999500e-14
5.888841999999999617e-14
5.888718000000000485e-14
5.888702999999999399e-14
5.888796000000000326e-14
5.888994999999999839e-14
5.889301000000000282e-14
5.889710999999999671e-14
5.890227000000000171e-14
5.890845999999999797e-14
5.891568999999999632e-14
5.892394999999999855e-14
5.893321999999999564e-14
5.894350000000000022e-14
5.895478999999999966e-14
5.896707999999999576e-14
5.898036000000000295e-14
5.899461999999999778e-14
5.900986000000000550e-14
5.902607000000000266e-14
5.904324000000000369e-14
5.906135999999999776e-14
5.908043999999999569e-14
5.910045000000000289e-14
5.912140000000000494e-14
5.914328000000000363e-14
5.916607000000000257e-14
5.918977999999999995e-14
5.921438999999999938e-14
5.923990999999999905e-14
5.926631000000000437e-14
5.929360000000000091e-14
5.932177000000000311e-14
5.935081000000000012e-14
5.938070999999999377e-14
5.941145999999999846e-14
5.944306999999999977e-14
5.947551000000000312e-14
5.950880000000000488e-14
5.954290999999999786e-14
5.957783999999999466e-14
5.961357999999999709e-14
5.965013000000000515e-14
5.968747999999999540e-14
5.972561999999999487e-14
5.976455000000000357e-14
5.980424999999999985e-14
5.984472999999999455e-14
5.988597000000000387e-14
5.992796000000000438e-14
5.997070999999999428e-14
6.001420000000000241e-14
6.005842000000000532e-14
6.010337000000000303e-14
6.014903999999999732e-14
6.019543000000000082e-14
6.024252000000000451e-14
6.029031999999999397e-14
6.033879999999999983e-14
6.038796999999999507e-14
6.043781999999999409e-14
6.048833999999999871e-14
6.053952999999999629e-14
6.059137000000000307e-14
6.064385999999999379e-14
6.069699999999999370e-14
6.075076999999999379e-14
6.080516999999999404e-14
6.086018999999999626e-14
6.091582000000000226e-14
6.097205999999999940e-14
6.102891000000000031e-14
6.108633999999999778e-14
6.114436000000000261e-14
6.120296000000000400e-14
6.126213000000000374e-14
6.132187000000000182e-14
6.138216000000000186e-14
6.144301000000000205e-14
6.150440000000000599e-14
6.156632000000000287e-14
6.162877000000000529e-14
6.169175000000000065e-14
6.175524000000000516e-14
6.181922999999999537e-14
6.188372999999999475e-14
6.194871999999999425e-14
6.201419999999999389e-14
6.208015999999999545e-14
6.214658000000000256e-14
6.221347999999999897e-14
6.228083000000000272e-14
6.234863000000000118e-14
6.241687999999999435e-14
6.248555999999999845e-14
6.255467999999999907e-14
6.262421000000000160e-14
6.269417000000000245e-14
6.276452999999999439e-14
6.283529000000000266e-14
6.290644000000000382e-14
6.297797999999999788e-14
6.304990999999999746e-14
6.312219999999999532e-14
6.319486000000000231e-14
6.326787999999999496e-14
6.334125999999999853e-14
6.341497000000000580e-14
6.348903000000000054e-14
6.356341000000000077e-14
6.363812000000000470e-14
6.371314000000000331e-14
6.378847999999999478e-14
6.386411999999999536e-14
6.394004999999999421e-14
6.401627000000000395e-14
6.409277000000000115e-14
6.416954000000000023e-14
6.424658000000000118e-14
6.432389000000000401e-14
6.440144000000000149e-14
6.447924000000000445e-14
6.455728000000000207e-14
6.463554999999999614e-14
6.471404999999999929e-14
6.479276000000000250e-14
6.487168000000000576e-14
6.495080999999999646e-14
6.503013000000000343e-14
6.510964999999999964e-14
6.518934000000000311e-14
6.526921999999999762e-14
6.534926000000000118e-14
6.542946000000000119e-14
6.550980999999999943e-14
6.559031999999999410e-14
6.567096000000000324e-14
6.575173999999999979e-14
6.583263999999999998e-14
6.591366000000000381e-14
6.599479999999999865e-14
6.607604000000000074e-14
6.615736999999999924e-14
6.623880000000000499e-14
6.632031999999999452e-14
6.640190999999999670e-14
6.648356999999999890e-14
6.656529000000000292e-14
6.664707999999999434e-14
6.672891000000000379e-14
6.681078000000000605e-14
6.689269000000000110e-14
6.697462000000000518e-14
6.705658000000000385e-14
6.713855000000000072e-14
6.722052999999999580e-14
6.730251000000000349e-14
